 methane, exp geometry, hf/sto-3g
GAUSSIAN              5 MOL ORBITALS     27 PRIMITIVES        5 NUCLEI
  C    1    (CENTRE  1)   0.00000000  0.00000000  0.00000000  CHARGE =  6.0
  H    2    (CENTRE  2)   1.18595384  1.18595384  1.18595384  CHARGE =  1.0
  H    3    (CENTRE  3)  -1.18595384 -1.18595384  1.18595384  CHARGE =  1.0
  H    4    (CENTRE  4)  -1.18595384  1.18595384 -1.18595384  CHARGE =  1.0
  H    5    (CENTRE  5)   1.18595384 -1.18595384 -1.18595384  CHARGE =  1.0
CENTRE ASSIGNMENTS    1  1  1  1  1  1  1  1  1  1  1  1  1  1  1  2  2  2  3  3
CENTRE ASSIGNMENTS    3  4  4  4  5  5  5
TYPE ASSIGNMENTS      1  1  1  1  1  1  2  2  2  3  3  3  4  4  4  1  1  1  1  1
TYPE ASSIGNMENTS      1  1  1  1  1  1  1
EXPONENTS  0.7161684D+02 0.1304510D+02 0.3530512D+01 0.2941249D+01 0.6834831D+00
EXPONENTS  0.2222899D+00 0.2941249D+01 0.6834831D+00 0.2222899D+00 0.2941249D+01
EXPONENTS  0.6834831D+00 0.2222899D+00 0.2941249D+01 0.6834831D+00 0.2222899D+00
EXPONENTS  0.3425251D+01 0.6239137D+00 0.1688554D+00 0.3425251D+01 0.6239137D+00
EXPONENTS  0.1688554D+00 0.3425251D+01 0.6239137D+00 0.1688554D+00 0.3425251D+01
EXPONENTS  0.6239137D+00 0.1688554D+00
MO    1     MO 0.0        OCC NO =    2.0000000  ORB. ENERGY =  -11.030031
  0.26860008D+01  0.25977831D+01  0.80961552D+00 -0.61076265D-02  0.81694439D-02
  0.61656012D-02  0.00000000D+00  0.00000000D+00  0.00000000D+00  0.00000000D+00
  0.00000000D+00  0.00000000D+00  0.00000000D+00  0.00000000D+00  0.00000000D+00
 -0.19270895D-02 -0.18637971D-02 -0.58086415D-03 -0.19270895D-02 -0.18637971D-02
 -0.58086415D-03 -0.19270895D-02 -0.18637971D-02 -0.58086415D-03 -0.19270895D-02
 -0.18637971D-02 -0.58086415D-03
MO    2     MO 0.0        OCC NO =    2.0000000  ORB. ENERGY =   -0.910030
 -0.59918003D+00 -0.57950084D+00 -0.18060510D+00 -0.10060219D+00  0.13456356D+00
  0.10155713D+00  0.00000000D+00  0.00000000D+00  0.00000000D+00  0.00000000D+00
  0.00000000D+00  0.00000000D+00  0.00000000D+00  0.00000000D+00  0.00000000D+00
  0.50036764D-01  0.48393380D-01  0.15082103D-01  0.50036764D-01  0.48393380D-01
  0.15082103D-01  0.50036764D-01  0.48393380D-01  0.15082103D-01  0.50036764D-01
  0.48393380D-01  0.15082103D-01
MO    3     MO 0.0        OCC NO =    2.0000000  ORB. ENERGY =   -0.518918
  0.00000000D+00  0.00000000D+00  0.00000000D+00  0.00000000D+00  0.00000000D+00
  0.00000000D+00  0.48921032D+00  0.30762858D+00  0.48733535D-01  0.00000000D+00
  0.00000000D+00  0.00000000D+00  0.00000000D+00  0.00000000D+00  0.00000000D+00
  0.83421593D-01  0.80681733D-01  0.25144972D-01 -0.83421593D-01 -0.80681733D-01
 -0.25144972D-01 -0.83421593D-01 -0.80681733D-01 -0.25144972D-01  0.83421593D-01
  0.80681733D-01  0.25144972D-01
MO    4     MO 0.0        OCC NO =    2.0000000  ORB. ENERGY =   -0.518918
  0.00000000D+00  0.00000000D+00  0.00000000D+00  0.00000000D+00  0.00000000D+00
  0.00000000D+00  0.00000000D+00  0.00000000D+00  0.00000000D+00  0.00000000D+00
  0.00000000D+00  0.00000000D+00  0.48921032D+00  0.30762858D+00  0.48733535D-01
  0.83421593D-01  0.80681733D-01  0.25144972D-01  0.83421593D-01  0.80681733D-01
  0.25144972D-01 -0.83421593D-01 -0.80681733D-01 -0.25144972D-01 -0.83421593D-01
 -0.80681733D-01 -0.25144972D-01
MO    5     MO 0.0        OCC NO =    2.0000000  ORB. ENERGY =   -0.518918
  0.00000000D+00  0.00000000D+00  0.00000000D+00  0.00000000D+00  0.00000000D+00
  0.00000000D+00  0.00000000D+00  0.00000000D+00  0.00000000D+00  0.48921032D+00
  0.30762858D+00  0.48733535D-01  0.00000000D+00  0.00000000D+00  0.00000000D+00
  0.83421593D-01  0.80681733D-01  0.25144972D-01 -0.83421593D-01 -0.80681733D-01
 -0.25144972D-01  0.83421593D-01  0.80681733D-01  0.25144972D-01 -0.83421593D-01
 -0.80681733D-01 -0.25144972D-01
END DATA
 TOTAL ENERGY =      -39.726810112166 THE VIRIAL(-V/T)=   2.00693417
