 water, exp geometry, hf/sto-3g
GAUSSIAN              5 MOL ORBITALS     21 PRIMITIVES        3 NUCLEI
  O    1    (CENTRE  1)   0.00000000  0.00000000  0.22188395  CHARGE =  8.0
  H    2    (CENTRE  2)   0.00000000 -1.43154463 -0.88753580  CHARGE =  1.0
  H    3    (CENTRE  3)   0.00000000  1.43154463 -0.88753580  CHARGE =  1.0
CENTRE ASSIGNMENTS    1  1  1  1  1  1  1  1  1  1  1  1  1  1  1  2  2  2  3  3
CENTRE ASSIGNMENTS    3
TYPE ASSIGNMENTS      1  1  1  1  1  1  2  2  2  3  3  3  4  4  4  1  1  1  1  1
TYPE ASSIGNMENTS      1
EXPONENTS  0.1307093D+03 0.2380887D+02 0.6443608D+01 0.5033151D+01 0.1169596D+01
EXPONENTS  0.3803890D+00 0.5033151D+01 0.1169596D+01 0.3803890D+00 0.5033151D+01
EXPONENTS  0.1169596D+01 0.3803890D+00 0.5033151D+01 0.1169596D+01 0.3803890D+00
EXPONENTS  0.3425251D+01 0.6239137D+00 0.1688554D+00 0.3425251D+01 0.6239137D+00
EXPONENTS  0.1688554D+00
MO    1     MO 0.0        OCC NO =    2.0000000  ORB. ENERGY =  -20.241978
  0.42269951D+01  0.40881656D+01  0.12741027D+01 -0.63530441D-02  0.84977097D-02
  0.64133483D-02  0.00000000D+00  0.00000000D+00  0.00000000D+00  0.00000000D+00
  0.00000000D+00  0.00000000D+00 -0.72662282D-02 -0.45691993D-02 -0.72383794D-03
 -0.16499945D-02 -0.15958029D-02 -0.49734206D-03 -0.16499945D-02 -0.15958029D-02
 -0.49734206D-03
MO    2     MO 0.0        OCC NO =    2.0000000  ORB. ENERGY =   -1.267878
 -0.98996638D+00 -0.95745238D+00 -0.29839609D+00 -0.19965056D+00  0.26704876D+00
  0.20154568D+00  0.00000000D+00  0.00000000D+00  0.00000000D+00  0.00000000D+00
  0.00000000D+00  0.00000000D+00 -0.21656066D+00 -0.13617915D+00 -0.21573066D-01
  0.43929453D-01  0.42486654D-01  0.13241234D-01  0.43929453D-01  0.42486654D-01
  0.13241234D-01
MO    3     MO 0.0        OCC NO =    2.0000000  ORB. ENERGY =   -0.617186
  0.00000000D+00  0.00000000D+00  0.00000000D+00  0.00000000D+00  0.00000000D+00
  0.00000000D+00  0.00000000D+00  0.00000000D+00  0.00000000D+00  0.10161550D+01
  0.63898556D+00  0.10122605D+00  0.00000000D+00  0.00000000D+00  0.00000000D+00
 -0.12326954D+00 -0.11922093D+00 -0.37155956D-01  0.12326954D+00  0.11922093D+00
  0.37155956D-01
MO    4     MO 0.0        OCC NO =    2.0000000  ORB. ENERGY =   -0.453018
 -0.43862472D+00 -0.42421873D+00 -0.13221045D+00 -0.12848982D+00  0.17186551D+00
  0.12970947D+00  0.00000000D+00  0.00000000D+00  0.00000000D+00  0.00000000D+00
  0.00000000D+00  0.00000000D+00  0.13005848D+01  0.81784260D+00  0.12956001D+00
 -0.77094795D-01 -0.74562730D-01 -0.23237946D-01 -0.77094795D-01 -0.74562730D-01
 -0.23237946D-01
MO    5     MO 0.0        OCC NO =    2.0000000  ORB. ENERGY =   -0.391218
  0.00000000D+00  0.00000000D+00  0.00000000D+00  0.00000000D+00  0.00000000D+00
  0.00000000D+00  0.16754502D+01  0.10535680D+01  0.16690288D+00  0.00000000D+00
  0.00000000D+00  0.00000000D+00  0.00000000D+00  0.00000000D+00  0.00000000D+00
  0.00000000D+00  0.00000000D+00  0.00000000D+00  0.00000000D+00  0.00000000D+00
  0.00000000D+00
END DATA
 TOTAL ENERGY =      -74.963119886526 THE VIRIAL(-V/T)=   2.00505484
