 ammonia, exp geometry, hf/sto-3g
GAUSSIAN              5 MOL ORBITALS     24 PRIMITIVES        4 NUCLEI
  N    1    (CENTRE  1)   0.00000000  0.00000000  0.20750474  CHARGE =  7.0
  H    2    (CENTRE  2)   0.00000000  1.79306401 -0.48417772  CHARGE =  1.0
  H    3    (CENTRE  3)   1.55283899 -0.89653201 -0.48417772  CHARGE =  1.0
  H    4    (CENTRE  4)  -1.55283899 -0.89653201 -0.48417772  CHARGE =  1.0
CENTRE ASSIGNMENTS    1  1  1  1  1  1  1  1  1  1  1  1  1  1  1  2  2  2  3  3
CENTRE ASSIGNMENTS    3  4  4  4
TYPE ASSIGNMENTS      1  1  1  1  1  1  2  2  2  3  3  3  4  4  4  1  1  1  1  1
TYPE ASSIGNMENTS      1  1  1  1
EXPONENTS  0.9910617D+02 0.1805231D+02 0.4885660D+01 0.3780456D+01 0.8784966D+00
EXPONENTS  0.2857144D+00 0.3780456D+01 0.8784966D+00 0.2857144D+00 0.3780456D+01
EXPONENTS  0.8784966D+00 0.2857144D+00 0.3780456D+01 0.8784966D+00 0.2857144D+00
EXPONENTS  0.3425251D+01 0.6239137D+00 0.1688554D+00 0.3425251D+01 0.6239137D+00
EXPONENTS  0.1688554D+00 0.3425251D+01 0.6239137D+00 0.1688554D+00
MO    1     MO 0.0        OCC NO =    2.0000000  ORB. ENERGY =  -15.301806
  0.34320189D+01  0.33192993D+01  0.10344806D+01 -0.61629956D-02  0.82435045D-02
  0.62214958D-02  0.00000000D+00  0.00000000D+00  0.00000000D+00 -0.19927668D-15
 -0.12531052D-15 -0.19851292D-16 -0.55583585D-02 -0.34952450D-02 -0.55370552D-03
 -0.18361780D-02 -0.17758714D-02 -0.55346155D-03 -0.18361780D-02 -0.17758714D-02
 -0.55346155D-03 -0.18361780D-02 -0.17758714D-02 -0.55346155D-03
MO    2     MO 0.0        OCC NO =    2.0000000  ORB. ENERGY =   -1.084018
 -0.75944440D+00 -0.73450157D+00 -0.22891206D+00 -0.14245102D+00  0.19053975D+00
  0.14380319D+00  0.00000000D+00  0.00000000D+00  0.00000000D+00 -0.41941482D-15
 -0.26373930D-15 -0.41780735D-16 -0.15248611D+00 -0.95887359D-01 -0.15190169D-01
  0.44512043D-01  0.43050110D-01  0.13416839D-01  0.44512043D-01  0.43050110D-01
  0.13416839D-01  0.44512043D-01  0.43050110D-01  0.13416839D-01
MO    3     MO 0.0        OCC NO =    2.0000000  ORB. ENERGY =   -0.571098
 -0.10713941D-14 -0.10362057D-14 -0.32294007D-15 -0.38136210D-15  0.51010261D-15
  0.38498205D-15  0.00000000D+00  0.00000000D+00  0.00000000D+00  0.69264977D+00
  0.43555676D+00  0.68999509D-01  0.57857655D-15  0.36382446D-15  0.57635907D-16
  0.13718213D+00  0.13267659D+00  0.41349496D-01 -0.68591066D-01 -0.66338293D-01
 -0.20674748D-01 -0.68591066D-01 -0.66338293D-01 -0.20674748D-01
MO    4     MO 0.0        OCC NO =    2.0000000  ORB. ENERGY =   -0.571098
  0.00000000D+00  0.00000000D+00  0.00000000D+00  0.00000000D+00  0.00000000D+00
  0.00000000D+00  0.69264977D+00  0.43555676D+00  0.68999509D-01  0.00000000D+00
  0.00000000D+00  0.00000000D+00  0.00000000D+00  0.00000000D+00  0.00000000D+00
  0.00000000D+00  0.00000000D+00  0.00000000D+00  0.11880321D+00  0.11490129D+00
  0.35809714D-01 -0.11880321D+00 -0.11490129D+00 -0.35809714D-01
MO    5     MO 0.0        OCC NO =    2.0000000  ORB. ENERGY =   -0.348254
 -0.29614916D+00 -0.28642257D+00 -0.89265404D-01 -0.83242896D-01  0.11134410D+00
  0.84033052D-01  0.00000000D+00  0.00000000D+00  0.00000000D+00 -0.29466861D-15
 -0.18529553D-15 -0.29353925D-16  0.10547404D+01  0.66324908D+00  0.10506980D+00
 -0.32981822D-01 -0.31898583D-01 -0.99413950D-02 -0.32981822D-01 -0.31898583D-01
 -0.99413950D-02 -0.32981822D-01 -0.31898583D-01 -0.99413950D-02
END DATA
 TOTAL ENERGY =      -55.454043792699 THE VIRIAL(-V/T)=   2.00646162
